3 3 2016
bob@yahoo.com
Yahoo
20.0
20.0
3

description
more description
That's all
13 18.0
14 17.0
15 21.0
16 18.0
17 17.0
18 21.0
19 18.0
20 17.0
21 21.0
22 18.0
23 17.0
24 21.0
25 18.0
26 17.0
27 21.0
28 18.0
29 17.0
30 21.0
31 18.0
32 17.0
33 21.0
34 18.0
35 17.0
36 21.0
37 18.0
38 17.0
39 21.0
40 18.0
41 17.0
42 21.0
43 18.0
44 17.0
45 21.0
46 18.0
47 17.0
48 21.0
49 18.0
50 17.0
51 21.0
52 18.0
53 17.0
54 21.0
55 18.0
56 17.0
57 21.0
58 18.0
59 17.0
60 21.0
61 18.0
62 17.0
63 21.0
64 18.0
65 17.0
66 21.0
67 18.0
68 17.0
69 21.0
70 18.0
71 17.0
72 21.0
73 18.0
74 17.0
75 21.0
76 18.0
77 17.0
78 21.0
79 18.0
80 17.0
81 21.0
82 18.0
83 17.0
84 21.0
1 18.0
2 17.0
3 21.0
4 18.0
5 17.0
6 21.0
7 18.0
8 17.0
9 21.0
10 18.0
11 17.0
12 21.0
13 18.0
14 17.0
15 21.0
16 18.0
17 17.0
18 21.0
19 18.0
20 17.0
21 21.0
22 18.0
23 17.0
24 21.0
