3 18.0
3 18.0
3 18.0
3 19.0
3 18.0
3 19.0
3 18.0
3 19.0
3 18.0
3 19.0
3 18.0
3 19.0
3 18.0
3 21.0
3 18.0
3 21.0
3 18.0
3 21.0
3 18.0
3 21.0
3 18.0
3 21.0
3 18.0
3 21.0
3 18.0
3 21.0
3 18.0
3 21.0
3 18.0
3 21.0
3 18.0
3 21.0
3 18.0
3 21.0
3 18.0
3 21.0
3 18.0
3 21.0
3 18.0
3 21.0
3 18.0
3 21.0
3 18.0
3 21.0
3 18.0
3 21.0
3 18.0
3 21.0
3 18.0
3 21.0
3 18.0
3 21.0
3 18.0
3 21.0
3 18.0
3 21.0
3 18.0
3 21.0
3 18.0
3 21.0
3 18.0
3 21.0
3 18.0
3 21.0
3 18.0
3 21.0
3 18.0
3 21.0
3 18.0
3 21.0
3 18.0
3 21.0
3 18.0
3 21.0
3 18.0
3 21.0
3 18.0
3 21.0
